{
  "nbformat": 4,
  "nbformat_minor": 0,
  "metadata": {
    "colab": {
      "name": "8/4 Electric Potential Project.ipynb",
      "provenance": [],
      "collapsed_sections": [],
      "include_colab_link": true
    },
    "kernelspec": {
      "name": "python3",
      "display_name": "Python 3"
    }
  },
  "cells": [
    {
      "cell_type": "markdown",
      "metadata": {
        "id": "view-in-github",
        "colab_type": "text"
      },
      "source": [
        "<a href=\"https://colab.research.google.com/github/audreyvargas314/GSE-Stanford-Projects/blob/main/8_4_Electric_Potential_Project.ipynb\" target=\"_parent\"><img src=\"https://colab.research.google.com/assets/colab-badge.svg\" alt=\"Open In Colab\"/></a>"
      ]
    },
    {
      "cell_type": "markdown",
      "metadata": {
        "id": "nFeig_5iGmPL"
      },
      "source": [
        "\n",
        "In this project, the electric potential of point charges will be modeled. \n",
        "To do this, functions from a library called [NumPy](https://numpy.org/learn/) will be used. "
      ]
    },
    {
      "cell_type": "code",
      "metadata": {
        "id": "v05ifW1gakZV"
      },
      "source": [
        "# This line imports numpy, and shortens its name to \"np\". \n",
        "import numpy as np"
      ],
      "execution_count": null,
      "outputs": []
    },
    {
      "cell_type": "markdown",
      "metadata": {
        "id": "JYXIZE5jpX8J"
      },
      "source": [
        "**The electric potential from a point charge in two dimensons will be calculated. This happens by taking a 'slice' of the 3D space going through the point charge. This can be visualized by imagining a charge placed on a plane. This project calculates the electric potential caused by this charge over the plane:**\n",
        "![picture](http://drive.google.com/uc?export=view&id=1Dxo8ewOSqpzTzUvvXIzefRjmFp-R3-k5) \n",
        "\n",
        "The plane is going to range from 0 to 20 on both the x and y axes. The first two lines of code below define the ranges of the x and y axes. The third line uses a NumPy function called \"zeros\" to create a 21 x 21 matrix filled with zeros (see documentation [here](https://numpy.org/devdocs/reference/generated/numpy.zeros.html) ). This matrix will represent the plane - every matrix element will represent a point on the plane.\n",
        "\n",
        "\n"
      ]
    },
    {
      "cell_type": "code",
      "metadata": {
        "id": "Hdm_OFuBdG7J"
      },
      "source": [
        "x = range(-10, 11)\n",
        "y = range(-10, 11)\n",
        "plane = np.zeros((len(x), len(y))) #create a 20 by 20 matrix, filled with 0's"
      ],
      "execution_count": null,
      "outputs": []
    },
    {
      "cell_type": "markdown",
      "metadata": {
        "id": "7ISjEEAw3L5E"
      },
      "source": [
        "**This function takes in the x and y positions of a charge, the magnitude of the charge, and the x and y position of another point. It first calculates the distance between the charge and that point. Then, it calculates the electric potential caused by the charge at that point.**\n",
        "\n",
        "\n",
        "**For example, if there is a charge (the green point) at (3, 2), and the electric potential at the point (1,1) needs to be calculated, (the blue point),the pythagorean theorem $c = \\sqrt{a^2 + b^2}$ can be used to find the distance between the two points, $\\sqrt{5}$.**\n",
        "\n",
        "\n",
        "\n",
        "\n",
        "![picture](http://drive.google.com/uc?export=view&id=1S3ANzm7PVHYXP6ufbf6nzv3dw_nvVjiL) \n",
        "\n",
        "**After the prior calculation, the equation for electric potential can be applied:**\n",
        "\n",
        "$ V = \\frac{kQ}{r}$\n",
        "\n",
        "**The distance value you just calculated for $r$ can be plugged in. Finally, the function should return the value of electric potential calculated.** \n",
        "\n",
        "**$k = 8.987 * 10^9$**\n"
      ]
    },
    {
      "cell_type": "code",
      "metadata": {
        "id": "PRSscwBQj3kt"
      },
      "source": [
        "import math\n",
        "#function to find the electric potential\n",
        "def electric_potential(charge_mag, charge_x, charge_y, point_x, point_y):\n",
        "\n",
        "#use pythagorean theorem to calculate distance between two points\n",
        "  a = point_y - charge_y\n",
        "  b = point_x - charge_x\n",
        "  r = math.sqrt(a**2 + b**2)\n",
        "  if r == 0:\n",
        "    return 0\n",
        "#plug distance into equation for electric potential\n",
        "  v = ((8.987 * 10**9) * charge_mag) / r\n",
        "  return v\n",
        "\n"
      ],
      "execution_count": null,
      "outputs": []
    },
    {
      "cell_type": "code",
      "metadata": {
        "id": "DZfUrhPJrQrL"
      },
      "source": [
        "#run me\n",
        "#charge of one proton\n",
        "proton_charge = 1.60217662 * 10 ** (-19)  # units of Couloumbs"
      ],
      "execution_count": null,
      "outputs": []
    },
    {
      "cell_type": "code",
      "metadata": {
        "id": "VbibYuxHrHJI",
        "outputId": "169db442-54e8-481a-f63e-a46d470b1281",
        "colab": {
          "base_uri": "https://localhost:8080/"
        }
      },
      "source": [
        "#test out your function, this should return 6.44 * 10^(-10)\n",
        "print(electric_potential(proton_charge, 3, 2, 1, 1))"
      ],
      "execution_count": null,
      "outputs": [
        {
          "output_type": "stream",
          "text": [
            "6.439321804536398e-10\n"
          ],
          "name": "stdout"
        }
      ]
    },
    {
      "cell_type": "markdown",
      "metadata": {
        "id": "LUO9417gwQ4R"
      },
      "source": [
        "**The following code outputs the electric potential when the charge and the point are in the same place:**"
      ]
    },
    {
      "cell_type": "code",
      "metadata": {
        "id": "Xlg5RuYpwbHN",
        "outputId": "26145965-03e1-4728-b96c-5264670f0f40",
        "colab": {
          "base_uri": "https://localhost:8080/"
        }
      },
      "source": [
        "print(electric_potential(proton_charge, 3, 2, 3, 2))"
      ],
      "execution_count": null,
      "outputs": [
        {
          "output_type": "stream",
          "text": [
            "0\n"
          ],
          "name": "stdout"
        }
      ]
    },
    {
      "cell_type": "markdown",
      "metadata": {
        "id": "2_FZJVC6tW7z"
      },
      "source": [
        "**The function below calculates the potential over the entire plane. It takes in the charge magnitude, the charge x and y positions, and the matrix representing plane. It iterates over every matrix element and calls on the electric_potential function to calculate the potential at every point.**"
      ]
    },
    {
      "cell_type": "code",
      "metadata": {
        "id": "5fMY-nv_oMBk"
      },
      "source": [
        "#run me\n",
        "def potential_plane(charge_mag, charge_x, charge_y, plane): \n",
        "    for i in range(len(plane)):\n",
        "        for j in range(len(plane[0])):\n",
        "            plane[i, j] = electric_potential(charge_mag, charge_x, charge_y, i, j)\n",
        "    return plane"
      ],
      "execution_count": null,
      "outputs": []
    },
    {
      "cell_type": "markdown",
      "metadata": {
        "id": "uEkUO6xCuTfF"
      },
      "source": [
        "**The code cell below calculates the potential over our plane for a proton at (10, 10).**"
      ]
    },
    {
      "cell_type": "code",
      "metadata": {
        "id": "q4Gjzj9lyf0V"
      },
      "source": [
        "#run me\n",
        "proton_potential = potential_plane(proton_charge, 10, 10, plane)"
      ],
      "execution_count": null,
      "outputs": []
    },
    {
      "cell_type": "markdown",
      "metadata": {
        "id": "MNCY9Gwn0u6K"
      },
      "source": [
        "\n",
        "**The code below will plot the potential in the form of a \"surface plot\". This is a 3D plot, with x, y, and z axes, which shows how the points look when they are connected. It shows how some value changes over *x/y* space. Here, the 'z' axes represents electric potential.**\n"
      ]
    },
    {
      "cell_type": "code",
      "metadata": {
        "id": "ZEWgfNwn2zo_",
        "outputId": "a4f9a350-2496-4d21-ce7b-272d998bf4ed",
        "colab": {
          "base_uri": "https://localhost:8080/",
          "height": 542
        }
      },
      "source": [
        "#run me\n",
        "import plotly.graph_objects as go\n",
        "fig = go.Figure(data=[go.Surface(z=proton_potential)])\n",
        "fig.show()"
      ],
      "execution_count": null,
      "outputs": [
        {
          "output_type": "display_data",
          "data": {
            "text/html": [
              "<html>\n",
              "<head><meta charset=\"utf-8\" /></head>\n",
              "<body>\n",
              "    <div>\n",
              "            <script src=\"https://cdnjs.cloudflare.com/ajax/libs/mathjax/2.7.5/MathJax.js?config=TeX-AMS-MML_SVG\"></script><script type=\"text/javascript\">if (window.MathJax) {MathJax.Hub.Config({SVG: {font: \"STIX-Web\"}});}</script>\n",
              "                <script type=\"text/javascript\">window.PlotlyConfig = {MathJaxConfig: 'local'};</script>\n",
              "        <script src=\"https://cdn.plot.ly/plotly-latest.min.js\"></script>    \n",
              "            <div id=\"3f4702c1-1e07-4bc0-bf25-74e0b331d123\" class=\"plotly-graph-div\" style=\"height:525px; width:100%;\"></div>\n",
              "            <script type=\"text/javascript\">\n",
              "                \n",
              "                    window.PLOTLYENV=window.PLOTLYENV || {};\n",
              "                    \n",
              "                if (document.getElementById(\"3f4702c1-1e07-4bc0-bf25-74e0b331d123\")) {\n",
              "                    Plotly.newPlot(\n",
              "                        '3f4702c1-1e07-4bc0-bf25-74e0b331d123',\n",
              "                        [{\"type\": \"surface\", \"z\": [[1.0181461744560294e-10, 1.0702514975562935e-10, 1.1243543581244627e-10, 1.179592485973737e-10, 1.234683594000222e-10, 1.2878643609072795e-10, 1.33689142297594e-10, 1.3791512032382387e-10, 1.4119147068918146e-10, 1.4327302970476033e-10, 1.439876128394e-10, 1.4327302970476033e-10, 1.4119147068918146e-10, 1.3791512032382387e-10, 1.33689142297594e-10, 1.2878643609072795e-10, 1.234683594000222e-10, 1.179592485973737e-10, 1.1243543581244627e-10, 1.0702514975562935e-10, 1.0181461744560294e-10], [1.0702514975562935e-10, 1.131273527173366e-10, 1.1957520401242504e-10, 1.2628549052167154e-10, 1.3311659516002916e-10, 1.3985313270548051e-10, 1.4619727052322905e-10, 1.5177627047433612e-10, 1.561764938673323e-10, 1.5900771821729108e-10, 1.5998623648822222e-10, 1.5900771821729108e-10, 1.561764938673323e-10, 1.5177627047433612e-10, 1.4619727052322905e-10, 1.3985313270548051e-10, 1.3311659516002916e-10, 1.2628549052167154e-10, 1.1957520401242504e-10, 1.131273527173366e-10, 1.0702514975562935e-10], [1.1243543581244627e-10, 1.1957520401242504e-10, 1.2726827180700367e-10, 1.3545215218676157e-10, 1.439876128394e-10, 1.5262656435694056e-10, 1.6098304511340994e-10, 1.6852475388755676e-10, 1.7461062838746702e-10, 1.7859465342668684e-10, 1.7998451604925e-10, 1.7859465342668684e-10, 1.7461062838746702e-10, 1.6852475388755676e-10, 1.6098304511340994e-10, 1.5262656435694056e-10, 1.439876128394e-10, 1.3545215218676157e-10, 1.2726827180700367e-10, 1.1957520401242504e-10, 1.1243543581244627e-10], [1.179592485973737e-10, 1.2628549052167154e-10, 1.3545215218676157e-10, 1.4544945349371848e-10, 1.561764938673323e-10, 1.6738220000939486e-10, 1.7859465342668684e-10, 1.89064998179284e-10, 1.9778219701245482e-10, 2.0362923489120587e-10, 2.0569658977057143e-10, 2.0362923489120587e-10, 1.9778219701245482e-10, 1.89064998179284e-10, 1.7859465342668684e-10, 1.6738220000939486e-10, 1.561764938673323e-10, 1.4544945349371848e-10, 1.3545215218676157e-10, 1.2628549052167154e-10, 1.179592485973737e-10], [1.234683594000222e-10, 1.3311659516002916e-10, 1.439876128394e-10, 1.561764938673323e-10, 1.696910290760049e-10, 1.843572469694257e-10, 1.9967489274004375e-10, 2.1464406015121326e-10, 2.2766440571150416e-10, 2.367141773531322e-10, 2.3997935473233335e-10, 2.367141773531322e-10, 2.2766440571150416e-10, 2.1464406015121326e-10, 1.9967489274004375e-10, 1.843572469694257e-10, 1.696910290760049e-10, 1.561764938673323e-10, 1.439876128394e-10, 1.3311659516002916e-10, 1.234683594000222e-10], [1.2878643609072795e-10, 1.3985313270548051e-10, 1.5262656435694056e-10, 1.6738220000939486e-10, 1.843572469694257e-10, 2.0362923489120587e-10, 2.2487087162489255e-10, 2.469367188000444e-10, 2.67378284595188e-10, 2.8238294137836293e-10, 2.879752256788e-10, 2.8238294137836293e-10, 2.67378284595188e-10, 2.469367188000444e-10, 2.2487087162489255e-10, 2.0362923489120587e-10, 1.843572469694257e-10, 1.6738220000939486e-10, 1.5262656435694056e-10, 1.3985313270548051e-10, 1.2878643609072795e-10], [1.33689142297594e-10, 1.4619727052322905e-10, 1.6098304511340994e-10, 1.7859465342668684e-10, 1.9967489274004375e-10, 2.2487087162489255e-10, 2.5453654361400734e-10, 2.879752256788e-10, 3.219660902268199e-10, 3.4922125677493404e-10, 3.599690320985e-10, 3.4922125677493404e-10, 3.219660902268199e-10, 2.879752256788e-10, 2.5453654361400734e-10, 2.2487087162489255e-10, 1.9967489274004375e-10, 1.7859465342668684e-10, 1.6098304511340994e-10, 1.4619727052322905e-10, 1.33689142297594e-10], [1.3791512032382387e-10, 1.5177627047433612e-10, 1.6852475388755676e-10, 1.89064998179284e-10, 2.1464406015121326e-10, 2.469367188000444e-10, 2.879752256788e-10, 3.393820581520098e-10, 3.993497854800875e-10, 4.553288114230083e-10, 4.799587094646667e-10, 4.553288114230083e-10, 3.993497854800875e-10, 3.393820581520098e-10, 2.879752256788e-10, 2.469367188000444e-10, 2.1464406015121326e-10, 1.89064998179284e-10, 1.6852475388755676e-10, 1.5177627047433612e-10, 1.3791512032382387e-10], [1.4119147068918146e-10, 1.561764938673323e-10, 1.7461062838746702e-10, 1.9778219701245482e-10, 2.2766440571150416e-10, 2.67378284595188e-10, 3.219660902268199e-10, 3.993497854800875e-10, 5.090730872280147e-10, 6.439321804536398e-10, 7.19938064197e-10, 6.439321804536398e-10, 5.090730872280147e-10, 3.993497854800875e-10, 3.219660902268199e-10, 2.67378284595188e-10, 2.2766440571150416e-10, 1.9778219701245482e-10, 1.7461062838746702e-10, 1.561764938673323e-10, 1.4119147068918146e-10], [1.4327302970476033e-10, 1.5900771821729108e-10, 1.7859465342668684e-10, 2.0362923489120587e-10, 2.367141773531322e-10, 2.8238294137836293e-10, 3.4922125677493404e-10, 4.553288114230083e-10, 6.439321804536398e-10, 1.0181461744560293e-09, 1.439876128394e-09, 1.0181461744560293e-09, 6.439321804536398e-10, 4.553288114230083e-10, 3.4922125677493404e-10, 2.8238294137836293e-10, 2.367141773531322e-10, 2.0362923489120587e-10, 1.7859465342668684e-10, 1.5900771821729108e-10, 1.4327302970476033e-10], [1.439876128394e-10, 1.5998623648822222e-10, 1.7998451604925e-10, 2.0569658977057143e-10, 2.3997935473233335e-10, 2.879752256788e-10, 3.599690320985e-10, 4.799587094646667e-10, 7.19938064197e-10, 1.439876128394e-09, 0.0, 1.439876128394e-09, 7.19938064197e-10, 4.799587094646667e-10, 3.599690320985e-10, 2.879752256788e-10, 2.3997935473233335e-10, 2.0569658977057143e-10, 1.7998451604925e-10, 1.5998623648822222e-10, 1.439876128394e-10], [1.4327302970476033e-10, 1.5900771821729108e-10, 1.7859465342668684e-10, 2.0362923489120587e-10, 2.367141773531322e-10, 2.8238294137836293e-10, 3.4922125677493404e-10, 4.553288114230083e-10, 6.439321804536398e-10, 1.0181461744560293e-09, 1.439876128394e-09, 1.0181461744560293e-09, 6.439321804536398e-10, 4.553288114230083e-10, 3.4922125677493404e-10, 2.8238294137836293e-10, 2.367141773531322e-10, 2.0362923489120587e-10, 1.7859465342668684e-10, 1.5900771821729108e-10, 1.4327302970476033e-10], [1.4119147068918146e-10, 1.561764938673323e-10, 1.7461062838746702e-10, 1.9778219701245482e-10, 2.2766440571150416e-10, 2.67378284595188e-10, 3.219660902268199e-10, 3.993497854800875e-10, 5.090730872280147e-10, 6.439321804536398e-10, 7.19938064197e-10, 6.439321804536398e-10, 5.090730872280147e-10, 3.993497854800875e-10, 3.219660902268199e-10, 2.67378284595188e-10, 2.2766440571150416e-10, 1.9778219701245482e-10, 1.7461062838746702e-10, 1.561764938673323e-10, 1.4119147068918146e-10], [1.3791512032382387e-10, 1.5177627047433612e-10, 1.6852475388755676e-10, 1.89064998179284e-10, 2.1464406015121326e-10, 2.469367188000444e-10, 2.879752256788e-10, 3.393820581520098e-10, 3.993497854800875e-10, 4.553288114230083e-10, 4.799587094646667e-10, 4.553288114230083e-10, 3.993497854800875e-10, 3.393820581520098e-10, 2.879752256788e-10, 2.469367188000444e-10, 2.1464406015121326e-10, 1.89064998179284e-10, 1.6852475388755676e-10, 1.5177627047433612e-10, 1.3791512032382387e-10], [1.33689142297594e-10, 1.4619727052322905e-10, 1.6098304511340994e-10, 1.7859465342668684e-10, 1.9967489274004375e-10, 2.2487087162489255e-10, 2.5453654361400734e-10, 2.879752256788e-10, 3.219660902268199e-10, 3.4922125677493404e-10, 3.599690320985e-10, 3.4922125677493404e-10, 3.219660902268199e-10, 2.879752256788e-10, 2.5453654361400734e-10, 2.2487087162489255e-10, 1.9967489274004375e-10, 1.7859465342668684e-10, 1.6098304511340994e-10, 1.4619727052322905e-10, 1.33689142297594e-10], [1.2878643609072795e-10, 1.3985313270548051e-10, 1.5262656435694056e-10, 1.6738220000939486e-10, 1.843572469694257e-10, 2.0362923489120587e-10, 2.2487087162489255e-10, 2.469367188000444e-10, 2.67378284595188e-10, 2.8238294137836293e-10, 2.879752256788e-10, 2.8238294137836293e-10, 2.67378284595188e-10, 2.469367188000444e-10, 2.2487087162489255e-10, 2.0362923489120587e-10, 1.843572469694257e-10, 1.6738220000939486e-10, 1.5262656435694056e-10, 1.3985313270548051e-10, 1.2878643609072795e-10], [1.234683594000222e-10, 1.3311659516002916e-10, 1.439876128394e-10, 1.561764938673323e-10, 1.696910290760049e-10, 1.843572469694257e-10, 1.9967489274004375e-10, 2.1464406015121326e-10, 2.2766440571150416e-10, 2.367141773531322e-10, 2.3997935473233335e-10, 2.367141773531322e-10, 2.2766440571150416e-10, 2.1464406015121326e-10, 1.9967489274004375e-10, 1.843572469694257e-10, 1.696910290760049e-10, 1.561764938673323e-10, 1.439876128394e-10, 1.3311659516002916e-10, 1.234683594000222e-10], [1.179592485973737e-10, 1.2628549052167154e-10, 1.3545215218676157e-10, 1.4544945349371848e-10, 1.561764938673323e-10, 1.6738220000939486e-10, 1.7859465342668684e-10, 1.89064998179284e-10, 1.9778219701245482e-10, 2.0362923489120587e-10, 2.0569658977057143e-10, 2.0362923489120587e-10, 1.9778219701245482e-10, 1.89064998179284e-10, 1.7859465342668684e-10, 1.6738220000939486e-10, 1.561764938673323e-10, 1.4544945349371848e-10, 1.3545215218676157e-10, 1.2628549052167154e-10, 1.179592485973737e-10], [1.1243543581244627e-10, 1.1957520401242504e-10, 1.2726827180700367e-10, 1.3545215218676157e-10, 1.439876128394e-10, 1.5262656435694056e-10, 1.6098304511340994e-10, 1.6852475388755676e-10, 1.7461062838746702e-10, 1.7859465342668684e-10, 1.7998451604925e-10, 1.7859465342668684e-10, 1.7461062838746702e-10, 1.6852475388755676e-10, 1.6098304511340994e-10, 1.5262656435694056e-10, 1.439876128394e-10, 1.3545215218676157e-10, 1.2726827180700367e-10, 1.1957520401242504e-10, 1.1243543581244627e-10], [1.0702514975562935e-10, 1.131273527173366e-10, 1.1957520401242504e-10, 1.2628549052167154e-10, 1.3311659516002916e-10, 1.3985313270548051e-10, 1.4619727052322905e-10, 1.5177627047433612e-10, 1.561764938673323e-10, 1.5900771821729108e-10, 1.5998623648822222e-10, 1.5900771821729108e-10, 1.561764938673323e-10, 1.5177627047433612e-10, 1.4619727052322905e-10, 1.3985313270548051e-10, 1.3311659516002916e-10, 1.2628549052167154e-10, 1.1957520401242504e-10, 1.131273527173366e-10, 1.0702514975562935e-10], [1.0181461744560294e-10, 1.0702514975562935e-10, 1.1243543581244627e-10, 1.179592485973737e-10, 1.234683594000222e-10, 1.2878643609072795e-10, 1.33689142297594e-10, 1.3791512032382387e-10, 1.4119147068918146e-10, 1.4327302970476033e-10, 1.439876128394e-10, 1.4327302970476033e-10, 1.4119147068918146e-10, 1.3791512032382387e-10, 1.33689142297594e-10, 1.2878643609072795e-10, 1.234683594000222e-10, 1.179592485973737e-10, 1.1243543581244627e-10, 1.0702514975562935e-10, 1.0181461744560294e-10]]}],\n",
              "                        {\"template\": {\"data\": {\"bar\": [{\"error_x\": {\"color\": \"#2a3f5f\"}, \"error_y\": {\"color\": \"#2a3f5f\"}, \"marker\": {\"line\": {\"color\": \"#E5ECF6\", \"width\": 0.5}}, \"type\": \"bar\"}], \"barpolar\": [{\"marker\": {\"line\": {\"color\": \"#E5ECF6\", \"width\": 0.5}}, \"type\": \"barpolar\"}], \"carpet\": [{\"aaxis\": {\"endlinecolor\": \"#2a3f5f\", \"gridcolor\": \"white\", \"linecolor\": \"white\", \"minorgridcolor\": \"white\", \"startlinecolor\": \"#2a3f5f\"}, \"baxis\": {\"endlinecolor\": \"#2a3f5f\", \"gridcolor\": \"white\", \"linecolor\": \"white\", \"minorgridcolor\": \"white\", \"startlinecolor\": \"#2a3f5f\"}, \"type\": \"carpet\"}], \"choropleth\": [{\"colorbar\": {\"outlinewidth\": 0, \"ticks\": \"\"}, \"type\": \"choropleth\"}], \"contour\": [{\"colorbar\": {\"outlinewidth\": 0, \"ticks\": \"\"}, \"colorscale\": [[0.0, \"#0d0887\"], [0.1111111111111111, \"#46039f\"], [0.2222222222222222, \"#7201a8\"], [0.3333333333333333, \"#9c179e\"], [0.4444444444444444, \"#bd3786\"], [0.5555555555555556, \"#d8576b\"], [0.6666666666666666, \"#ed7953\"], [0.7777777777777778, \"#fb9f3a\"], [0.8888888888888888, \"#fdca26\"], [1.0, \"#f0f921\"]], \"type\": \"contour\"}], \"contourcarpet\": [{\"colorbar\": {\"outlinewidth\": 0, \"ticks\": \"\"}, \"type\": \"contourcarpet\"}], \"heatmap\": [{\"colorbar\": {\"outlinewidth\": 0, \"ticks\": \"\"}, \"colorscale\": [[0.0, \"#0d0887\"], [0.1111111111111111, \"#46039f\"], [0.2222222222222222, \"#7201a8\"], [0.3333333333333333, \"#9c179e\"], [0.4444444444444444, \"#bd3786\"], [0.5555555555555556, \"#d8576b\"], [0.6666666666666666, \"#ed7953\"], [0.7777777777777778, \"#fb9f3a\"], [0.8888888888888888, \"#fdca26\"], [1.0, \"#f0f921\"]], \"type\": \"heatmap\"}], \"heatmapgl\": [{\"colorbar\": {\"outlinewidth\": 0, \"ticks\": \"\"}, \"colorscale\": [[0.0, \"#0d0887\"], [0.1111111111111111, \"#46039f\"], [0.2222222222222222, \"#7201a8\"], [0.3333333333333333, \"#9c179e\"], [0.4444444444444444, \"#bd3786\"], [0.5555555555555556, \"#d8576b\"], [0.6666666666666666, \"#ed7953\"], [0.7777777777777778, \"#fb9f3a\"], [0.8888888888888888, \"#fdca26\"], [1.0, \"#f0f921\"]], \"type\": \"heatmapgl\"}], \"histogram\": [{\"marker\": {\"colorbar\": {\"outlinewidth\": 0, \"ticks\": \"\"}}, \"type\": \"histogram\"}], \"histogram2d\": [{\"colorbar\": {\"outlinewidth\": 0, \"ticks\": \"\"}, \"colorscale\": [[0.0, \"#0d0887\"], [0.1111111111111111, \"#46039f\"], [0.2222222222222222, \"#7201a8\"], [0.3333333333333333, \"#9c179e\"], [0.4444444444444444, \"#bd3786\"], [0.5555555555555556, \"#d8576b\"], [0.6666666666666666, \"#ed7953\"], [0.7777777777777778, \"#fb9f3a\"], [0.8888888888888888, \"#fdca26\"], [1.0, \"#f0f921\"]], \"type\": \"histogram2d\"}], \"histogram2dcontour\": [{\"colorbar\": {\"outlinewidth\": 0, \"ticks\": \"\"}, \"colorscale\": [[0.0, \"#0d0887\"], [0.1111111111111111, \"#46039f\"], [0.2222222222222222, \"#7201a8\"], [0.3333333333333333, \"#9c179e\"], [0.4444444444444444, \"#bd3786\"], [0.5555555555555556, \"#d8576b\"], [0.6666666666666666, \"#ed7953\"], [0.7777777777777778, \"#fb9f3a\"], [0.8888888888888888, \"#fdca26\"], [1.0, \"#f0f921\"]], \"type\": \"histogram2dcontour\"}], \"mesh3d\": [{\"colorbar\": {\"outlinewidth\": 0, \"ticks\": \"\"}, \"type\": \"mesh3d\"}], \"parcoords\": [{\"line\": {\"colorbar\": {\"outlinewidth\": 0, \"ticks\": \"\"}}, \"type\": \"parcoords\"}], \"pie\": [{\"automargin\": true, \"type\": \"pie\"}], \"scatter\": [{\"marker\": {\"colorbar\": {\"outlinewidth\": 0, \"ticks\": \"\"}}, \"type\": \"scatter\"}], \"scatter3d\": [{\"line\": {\"colorbar\": {\"outlinewidth\": 0, \"ticks\": \"\"}}, \"marker\": {\"colorbar\": {\"outlinewidth\": 0, \"ticks\": \"\"}}, \"type\": \"scatter3d\"}], \"scattercarpet\": [{\"marker\": {\"colorbar\": {\"outlinewidth\": 0, \"ticks\": \"\"}}, \"type\": \"scattercarpet\"}], \"scattergeo\": [{\"marker\": {\"colorbar\": {\"outlinewidth\": 0, \"ticks\": \"\"}}, \"type\": \"scattergeo\"}], \"scattergl\": [{\"marker\": {\"colorbar\": {\"outlinewidth\": 0, \"ticks\": \"\"}}, \"type\": \"scattergl\"}], \"scattermapbox\": [{\"marker\": {\"colorbar\": {\"outlinewidth\": 0, \"ticks\": \"\"}}, \"type\": \"scattermapbox\"}], \"scatterpolar\": [{\"marker\": {\"colorbar\": {\"outlinewidth\": 0, \"ticks\": \"\"}}, \"type\": \"scatterpolar\"}], \"scatterpolargl\": [{\"marker\": {\"colorbar\": {\"outlinewidth\": 0, \"ticks\": \"\"}}, \"type\": \"scatterpolargl\"}], \"scatterternary\": [{\"marker\": {\"colorbar\": {\"outlinewidth\": 0, \"ticks\": \"\"}}, \"type\": \"scatterternary\"}], \"surface\": [{\"colorbar\": {\"outlinewidth\": 0, \"ticks\": \"\"}, \"colorscale\": [[0.0, \"#0d0887\"], [0.1111111111111111, \"#46039f\"], [0.2222222222222222, \"#7201a8\"], [0.3333333333333333, \"#9c179e\"], [0.4444444444444444, \"#bd3786\"], [0.5555555555555556, \"#d8576b\"], [0.6666666666666666, \"#ed7953\"], [0.7777777777777778, \"#fb9f3a\"], [0.8888888888888888, \"#fdca26\"], [1.0, \"#f0f921\"]], \"type\": \"surface\"}], \"table\": [{\"cells\": {\"fill\": {\"color\": \"#EBF0F8\"}, \"line\": {\"color\": \"white\"}}, \"header\": {\"fill\": {\"color\": \"#C8D4E3\"}, \"line\": {\"color\": \"white\"}}, \"type\": \"table\"}]}, \"layout\": {\"annotationdefaults\": {\"arrowcolor\": \"#2a3f5f\", \"arrowhead\": 0, \"arrowwidth\": 1}, \"coloraxis\": {\"colorbar\": {\"outlinewidth\": 0, \"ticks\": \"\"}}, \"colorscale\": {\"diverging\": [[0, \"#8e0152\"], [0.1, \"#c51b7d\"], [0.2, \"#de77ae\"], [0.3, \"#f1b6da\"], [0.4, \"#fde0ef\"], [0.5, \"#f7f7f7\"], [0.6, \"#e6f5d0\"], [0.7, \"#b8e186\"], [0.8, \"#7fbc41\"], [0.9, \"#4d9221\"], [1, \"#276419\"]], \"sequential\": [[0.0, \"#0d0887\"], [0.1111111111111111, \"#46039f\"], [0.2222222222222222, \"#7201a8\"], [0.3333333333333333, \"#9c179e\"], [0.4444444444444444, \"#bd3786\"], [0.5555555555555556, \"#d8576b\"], [0.6666666666666666, \"#ed7953\"], [0.7777777777777778, \"#fb9f3a\"], [0.8888888888888888, \"#fdca26\"], [1.0, \"#f0f921\"]], \"sequentialminus\": [[0.0, \"#0d0887\"], [0.1111111111111111, \"#46039f\"], [0.2222222222222222, \"#7201a8\"], [0.3333333333333333, \"#9c179e\"], [0.4444444444444444, \"#bd3786\"], [0.5555555555555556, \"#d8576b\"], [0.6666666666666666, \"#ed7953\"], [0.7777777777777778, \"#fb9f3a\"], [0.8888888888888888, \"#fdca26\"], [1.0, \"#f0f921\"]]}, \"colorway\": [\"#636efa\", \"#EF553B\", \"#00cc96\", \"#ab63fa\", \"#FFA15A\", \"#19d3f3\", \"#FF6692\", \"#B6E880\", \"#FF97FF\", \"#FECB52\"], \"font\": {\"color\": \"#2a3f5f\"}, \"geo\": {\"bgcolor\": \"white\", \"lakecolor\": \"white\", \"landcolor\": \"#E5ECF6\", \"showlakes\": true, \"showland\": true, \"subunitcolor\": \"white\"}, \"hoverlabel\": {\"align\": \"left\"}, \"hovermode\": \"closest\", \"mapbox\": {\"style\": \"light\"}, \"paper_bgcolor\": \"white\", \"plot_bgcolor\": \"#E5ECF6\", \"polar\": {\"angularaxis\": {\"gridcolor\": \"white\", \"linecolor\": \"white\", \"ticks\": \"\"}, \"bgcolor\": \"#E5ECF6\", \"radialaxis\": {\"gridcolor\": \"white\", \"linecolor\": \"white\", \"ticks\": \"\"}}, \"scene\": {\"xaxis\": {\"backgroundcolor\": \"#E5ECF6\", \"gridcolor\": \"white\", \"gridwidth\": 2, \"linecolor\": \"white\", \"showbackground\": true, \"ticks\": \"\", \"zerolinecolor\": \"white\"}, \"yaxis\": {\"backgroundcolor\": \"#E5ECF6\", \"gridcolor\": \"white\", \"gridwidth\": 2, \"linecolor\": \"white\", \"showbackground\": true, \"ticks\": \"\", \"zerolinecolor\": \"white\"}, \"zaxis\": {\"backgroundcolor\": \"#E5ECF6\", \"gridcolor\": \"white\", \"gridwidth\": 2, \"linecolor\": \"white\", \"showbackground\": true, \"ticks\": \"\", \"zerolinecolor\": \"white\"}}, \"shapedefaults\": {\"line\": {\"color\": \"#2a3f5f\"}}, \"ternary\": {\"aaxis\": {\"gridcolor\": \"white\", \"linecolor\": \"white\", \"ticks\": \"\"}, \"baxis\": {\"gridcolor\": \"white\", \"linecolor\": \"white\", \"ticks\": \"\"}, \"bgcolor\": \"#E5ECF6\", \"caxis\": {\"gridcolor\": \"white\", \"linecolor\": \"white\", \"ticks\": \"\"}}, \"title\": {\"x\": 0.05}, \"xaxis\": {\"automargin\": true, \"gridcolor\": \"white\", \"linecolor\": \"white\", \"ticks\": \"\", \"title\": {\"standoff\": 15}, \"zerolinecolor\": \"white\", \"zerolinewidth\": 2}, \"yaxis\": {\"automargin\": true, \"gridcolor\": \"white\", \"linecolor\": \"white\", \"ticks\": \"\", \"title\": {\"standoff\": 15}, \"zerolinecolor\": \"white\", \"zerolinewidth\": 2}}}},\n",
              "                        {\"responsive\": true}\n",
              "                    ).then(function(){\n",
              "                            \n",
              "var gd = document.getElementById('3f4702c1-1e07-4bc0-bf25-74e0b331d123');\n",
              "var x = new MutationObserver(function (mutations, observer) {{\n",
              "        var display = window.getComputedStyle(gd).display;\n",
              "        if (!display || display === 'none') {{\n",
              "            console.log([gd, 'removed!']);\n",
              "            Plotly.purge(gd);\n",
              "            observer.disconnect();\n",
              "        }}\n",
              "}});\n",
              "\n",
              "// Listen for the removal of the full notebook cells\n",
              "var notebookContainer = gd.closest('#notebook-container');\n",
              "if (notebookContainer) {{\n",
              "    x.observe(notebookContainer, {childList: true});\n",
              "}}\n",
              "\n",
              "// Listen for the clearing of the current output cell\n",
              "var outputEl = gd.closest('.output');\n",
              "if (outputEl) {{\n",
              "    x.observe(outputEl, {childList: true});\n",
              "}}\n",
              "\n",
              "                        })\n",
              "                };\n",
              "                \n",
              "            </script>\n",
              "        </div>\n",
              "</body>\n",
              "</html>"
            ]
          },
          "metadata": {
            "tags": []
          }
        }
      ]
    },
    {
      "cell_type": "markdown",
      "metadata": {
        "id": "VhHaofpN1Chp"
      },
      "source": [
        "**The following shows the electric potential of an electron at position (10, 10).**"
      ]
    },
    {
      "cell_type": "code",
      "metadata": {
        "id": "k85IcG4m1CG2"
      },
      "source": [
        "#run me\n",
        "electron_potential = potential_plane(-proton_charge, 10, 10, plane)"
      ],
      "execution_count": null,
      "outputs": []
    },
    {
      "cell_type": "code",
      "metadata": {
        "id": "EUE5A3gk1WPV",
        "outputId": "f63b2ebe-14e2-4187-ae64-00cdc216b861",
        "colab": {
          "base_uri": "https://localhost:8080/",
          "height": 542
        }
      },
      "source": [
        "#run this cell to plot the electron_potential\n",
        "fig = go.Figure(data=[go.Surface(z=electron_potential)])\n",
        "fig.show()"
      ],
      "execution_count": null,
      "outputs": [
        {
          "output_type": "display_data",
          "data": {
            "text/html": [
              "<html>\n",
              "<head><meta charset=\"utf-8\" /></head>\n",
              "<body>\n",
              "    <div>\n",
              "            <script src=\"https://cdnjs.cloudflare.com/ajax/libs/mathjax/2.7.5/MathJax.js?config=TeX-AMS-MML_SVG\"></script><script type=\"text/javascript\">if (window.MathJax) {MathJax.Hub.Config({SVG: {font: \"STIX-Web\"}});}</script>\n",
              "                <script type=\"text/javascript\">window.PlotlyConfig = {MathJaxConfig: 'local'};</script>\n",
              "        <script src=\"https://cdn.plot.ly/plotly-latest.min.js\"></script>    \n",
              "            <div id=\"382e7a43-65f5-4b04-aec1-416566ddbe2d\" class=\"plotly-graph-div\" style=\"height:525px; width:100%;\"></div>\n",
              "            <script type=\"text/javascript\">\n",
              "                \n",
              "                    window.PLOTLYENV=window.PLOTLYENV || {};\n",
              "                    \n",
              "                if (document.getElementById(\"382e7a43-65f5-4b04-aec1-416566ddbe2d\")) {\n",
              "                    Plotly.newPlot(\n",
              "                        '382e7a43-65f5-4b04-aec1-416566ddbe2d',\n",
